Value1,Value2,Value3
,World,something
